layout_spectrum: 0.5795739
color:
  saturation: 0.3489634
  brandStrength: 0.4906015
  lightness: 0.547977
  rhythmicContrast: 0.1675608
typography_spectrum: 0.6892231
name: Inserat
